average_sums = [2.5, 2.9023690496, 3.4141928191999993, 3.5420631552, 4.0343689472, 4.407453337600001, 4.9001113344, 5.298354944000001, 5.57095872]
average_sums = [1.6967646464000001, 2.0230331904000005, 2.2972659456000004, 2.5602755072000005, 2.8023736575999996, 3.1368731136, 3.3719767296, 3.6872850944, 3.9927821312]
